0.02173095 0.95653809 0.02173095 
0.8723159 0.01255793 0.11512617  
0.86838494 0.01244814 0.11916692 
0.86445398 0.01233835 0.12320768 
0.86052301 0.01222855 0.12724843 
0.87775594 0.01313435 0.10910971 
0.87382498 0.01302456 0.11315047 
0.87383198 0.01302456 0.11314346 
0.87777696 0.00908717 0.11313587 
0.86055806 0.0127454 0.12669654  
0.86450303 0.01285519 0.12264177 
0.86844801 0.01296499 0.118587   
0.87239299 0.01307478 0.11453223 
0.92513966 0.01315829 0.06170205 
0.81714696 0.0046271 0.17822595  
0.82726578 0.00418296 0.16855126 
0.82327729 0.00407287 0.17264983 
0.81928881 0.00396279 0.1767484  
0.82531957 0.00390001 0.17078042 
0.83727831 0.00378992 0.15893177 
0.83328982 0.00367984 0.16303034 
0.83304075 0.00393592 0.16302333 
0.83545387 0.00425625 0.16028988 
0.83945637 0.00436634 0.15617729 
0.84345887 0.00447642 0.1520647  
0.84746137 0.00458651 0.14795212 
0.92085342 0.01301716 0.06612942 
0.86916108 0.00407404 0.12676487 
0.81329834 0.00434444 0.18235722 
0.8068868 0.00397914 0.18913406  
0.80289832 0.00386906 0.19323263 
0.80892908 0.00380628 0.18726464 
0.82088782 0.00369619 0.17541599 
0.83329683 0.00367984 0.16302333 
0.82905226 0.00382584 0.1671219  
0.83146538 0.00414617 0.16438845 
0.83546788 0.00425625 0.16027586 
0.83947039 0.00436634 0.15616327 
0.84347289 0.00447642 0.15205069 
0.91656719 0.01287602 0.07055679 
0.86485694 0.00393271 0.13121035 
0.8473764 0.00382759 0.14879601  
0.80944972 0.00406178 0.1864885  
0.78650783 0.00377532 0.20971685 
0.79253859 0.00371254 0.20374887 
0.80449733 0.00360246 0.19190021 
0.81690634 0.0035861 0.17950755  
0.82905927 0.00382584 0.16711489 
0.8274769 0.00403608 0.16848702  
0.8314794 0.00414617 0.16437443  
0.8354819 0.00425625 0.16026185  
0.8394844 0.00436634 0.15614926  
0.91228096 0.01273489 0.07498415 
0.8605528 0.00379138 0.13565582  
0.84307226 0.00368626 0.15324148 
0.82559172 0.00358114 0.17082714 
0.80560111 0.00377912 0.19061977 
0.7761481 0.00361881 0.22023309  
0.78810684 0.00350872 0.20838443 
0.80051585 0.00349237 0.19599177 
0.81266878 0.00373211 0.18359912 
0.8274839 0.00403608 0.16848001  
0.82749091 0.00403608 0.168473   
0.83149341 0.00414617 0.16436042 
0.83549592 0.00425625 0.16024783 
0.9308754 0.0138848 0.0552398    
0.86684958 0.00370291 0.12944752 
0.84936904 0.00359778 0.14703318 
0.8318885 0.00349266 0.16461884  
0.81440796 0.00338754 0.1822045  
0.80678665 0.00363837 0.18957498 
0.77766711 0.00347047 0.21886242 
0.79007612 0.00345412 0.20646976 
0.80222904 0.00369385 0.1940771  
0.81704417 0.00399783 0.178958   
0.83344868 0.00409156 0.16245976 
0.83345568 0.00409156 0.16245275 
0.83745818 0.00420165 0.15834017 
0.92658916 0.01374444 0.05966639 
0.87966097 0.00356274 0.11677629 
0.86218043 0.00345762 0.13436195 
0.84469989 0.0033525 0.15194761  
0.82721935 0.00324738 0.16953327 
0.81620378 0.00321321 0.180583   
0.80293803 0.00335805 0.19370392 
0.77368563 0.00336126 0.22295311 
0.78583855 0.00360129 0.21056016 
0.80065368 0.00390526 0.19544105 
0.81705819 0.003999 0.17894282   
0.83346269 0.00409273 0.16244458 
0.8334697 0.00409273 0.16243757  
0.92659617 0.01374697 0.05965685 
0.87536909 0.00342579 0.12120511 
0.87536384 0.00342521 0.12121095 
0.8578833 0.00332009 0.13879662  
0.84040276 0.00321497 0.15638228 
0.82938719 0.0031808 0.16743201  
0.81190665 0.00307685 0.1850165  
0.80312491 0.00336564 0.19350945 
0.77344356 0.00362056 0.22293588 
0.78825869 0.00392541 0.2078159  
0.80466319 0.00401915 0.19131766 
0.8210677 0.00411288 0.17481942  
0.8374722 0.00420661 0.15832119  
0.93087968 0.0094769 0.05964342  
0.87509432 0.00371721 0.12118847 
0.87079018 0.00357588 0.12563394 
0.87078492 0.0035753 0.12563978  
0.85330438 0.00347018 0.14322544 
0.84228881 0.00343601 0.15427518 
0.82480827 0.00333206 0.17185967 
0.81163888 0.00337206 0.18498906 
0.8027418 0.00366699 0.19359121  
0.77293606 0.00415113 0.22291281 
0.78934056 0.00424662 0.20641282 
0.80574507 0.00434035 0.18991458 
0.82214957 0.00443408 0.17341634 
0.91231639 0.01332435 0.07435926 
0.87768147 0.00409565 0.11822287 
0.87337733 0.00395432 0.12266835 
0.86907319 0.00381299 0.12711382 
0.86906793 0.00381241 0.12711966 
0.85805237 0.00377824 0.13816939 
0.84057183 0.00367429 0.15575388 
0.82740244 0.00371429 0.16888327 
0.81109254 0.00397184 0.18493562 
0.8068176 0.00413595 0.18904645  
0.78679545 0.00453658 0.20866797 
0.80319996 0.00463323 0.19216681 
0.81960446 0.00472696 0.17566857 
0.91661664 0.01348962 0.06989374 
0.88199963 0.00427319 0.11372718 
0.87769549 0.00413186 0.11817265 
0.87339135 0.00399053 0.12261812 
0.86908721 0.0038492 0.12706359  
0.87554692 0.00391957 0.1205335  
0.85806638 0.00381562 0.138118   
0.84489699 0.00385562 0.15124738 
0.8285871 0.00411317 0.16729973  
0.82592168 0.00443905 0.16963927 
0.81103998 0.00449102 0.184469   
0.80720246 0.00477515 0.1880224  
0.82360696 0.00487326 0.17151978 
0.92091689 0.01367125 0.06541187 
0.88631779 0.00447526 0.10920695 
0.88201365 0.00433393 0.11365242 
0.87770951 0.0041926 0.1180979   
0.87340536 0.00405127 0.12254337 
0.8755662 0.00398089 0.12045291  
0.87556094 0.00398148 0.12045758 
0.86239155 0.00402148 0.13358697 
0.84608165 0.00427903 0.14963932 
0.84341624 0.00460491 0.15197885 
0.8477344 0.00478245 0.14748316  
0.81526236 0.00489516 0.17984248 
0.82760947 0.00503182 0.16735872 
0.92521713 0.01387487 0.06090799 
0.89063595 0.00471032 0.10465373 
0.88633181 0.00456899 0.1090992  
0.88202767 0.00442766 0.11354467 
0.87772352 0.00428633 0.11799015 
0.87988435 0.00421596 0.11589969 
0.87558021 0.00407579 0.12034399 
0.87988611 0.00422034 0.11589356 
0.86357621 0.00447788 0.1319459  
0.8609108 0.00480376 0.13428544  
0.86522895 0.0049813 0.12978975  
0.86954711 0.00518337 0.12526952 
0.81948474 0.00536529 0.17514997 
0.07157374 0.85685252 0.07157374 
0.69162836 0.04228688 0.26608476 
0.68900032 0.04220103 0.26879865 
0.68637228 0.04211519 0.27151254 
0.69057772 0.04271263 0.26670965 
0.68803028 0.04280023 0.26916949 
0.68548283 0.04294623 0.27157094 
0.68948096 0.03961037 0.27090867 
0.6766135 0.04311209 0.28027441  
0.68061162 0.0436377 0.27575068  
0.68460974 0.04422112 0.27116914 
0.68860786 0.04486236 0.26652978 
0.07157374 0.90669531 0.02173095 
0.33694017 0.00824737 0.65481246 
0.7084881 0.01159607 0.27991583  
0.70586006 0.01151022 0.28262972 
0.70323202 0.01142437 0.28534361 
0.72122182 0.01206912 0.26670907 
0.71884782 0.01198327 0.26916891 
0.71653164 0.01189742 0.27157094 
0.71707302 0.01201773 0.27090925 
0.72112487 0.01243179 0.26644334 
0.72552771 0.01255268 0.26191961 
0.72998837 0.01267357 0.25733807 
0.73450684 0.01279446 0.2526987  
0.73224108 0.04444324 0.22331568 
0.75014951 0.01152794 0.23832256 
0.45831815 0.00433422 0.53734763 
0.63266146 0.0052387 0.36209984  
0.62966068 0.00514044 0.36519888 
0.64195639 0.00509474 0.35294886 
0.65033239 0.00499648 0.34467113 
0.65944044 0.00489822 0.33566134 
0.65580396 0.00490479 0.33929124 
0.65849595 0.00531929 0.33618475 
0.66185152 0.00543157 0.33271691 
0.66526621 0.00554385 0.32918994 
0.66874004 0.00565612 0.32560384 
0.72931286 0.04433442 0.22635272 
0.74722129 0.01141912 0.2413596  
0.66202847 0.00483997 0.33313156 
0.45751047 0.0042034 0.53828613  
0.61754849 0.0050581 0.37739341  
0.6298442 0.0050124 0.3651434    
0.6382202 0.00491414 0.35686566  
0.64732825 0.00481588 0.34785587 
0.65580396 0.0049118 0.33928423  
0.65549517 0.00522104 0.3392838  
0.65885074 0.00533331 0.33581595 
0.66226543 0.00544559 0.33228898 
0.66573926 0.00555786 0.32870288 
0.72638465 0.0442256 0.22938976  
0.74429307 0.0113103 0.24439663  
0.65882577 0.0047185 0.33645573  
0.64607628 0.00463031 0.34929341 
0.45733351 0.00407258 0.53859391 
0.61773201 0.00493005 0.37733793 
0.62610801 0.00483179 0.3690602  
0.63521606 0.00473353 0.36005041 
0.64369177 0.00482946 0.35147877 
0.65549517 0.00522804 0.33927679 
0.65584995 0.00523505 0.33891499 
0.65926465 0.00534733 0.33538802 
0.66273848 0.0054596 0.33180192  
0.73136351 0.04499376 0.22364273 
0.764221 0.01213628 0.22364273   
0.67179616 0.00465484 0.323549   
0.65904667 0.00456665 0.33638668 
0.64629718 0.00447847 0.34922435 
0.47217112 0.0040977 0.52373118  
0.62641768 0.00481165 0.36877067 
0.62359429 0.00471339 0.37169232 
0.63207001 0.00480931 0.36312068 
0.6438734 0.0052079 0.3509187    
0.65634038 0.00530426 0.33835537 
0.65675429 0.00531126 0.33793444 
0.66022812 0.00542354 0.33434834 
0.72851705 0.04506521 0.22641774 
0.76155324 0.01202902 0.22641774 
0.68067761 0.00453512 0.31478727 
0.66792812 0.00444693 0.32762494 
0.65517864 0.00435875 0.34046262 
0.65594719 0.00434853 0.33970428 
0.47325563 0.00397038 0.52277399 
0.6116595 0.00463236 0.38370815  
0.62013521 0.00472872 0.37513607 
0.6319386 0.0051273 0.36293409   
0.64440558 0.00522366 0.35037076 
0.65693168 0.00532002 0.33774829 
0.65740473 0.00532703 0.33726824 
0.7256706 0.04520011 0.22912929  
0.75894506 0.01192565 0.22912929 
0.69021433 0.00441978 0.3053659  
0.67746484 0.00433159 0.31820357 
0.66471535 0.00424341 0.33104125 
0.65292188 0.00423319 0.34284493 
0.64034979 0.00414675 0.35550346 
0.47497086 0.00385183 0.52117731 
0.60825954 0.00465119 0.38708927 
0.62006294 0.00505109 0.37488597 
0.63252991 0.00514745 0.36232264 
0.64505602 0.00524381 0.34970017 
0.65764125 0.00534017 0.33701857 
0.72998039 0.04156038 0.22845924 
0.75947515 0.01206561 0.22845924 
0.68635797 0.00442299 0.30921904 
0.68635184 0.00442941 0.30921875 
0.67360235 0.00434123 0.32205642 
0.66180888 0.00433101 0.33386011 
0.64923679 0.00424457 0.34651864 
0.63672382 0.00416252 0.35911366 
0.47488296 0.00411668 0.52100036 
0.60836233 0.00516731 0.38647036 
0.6208293 0.0052663 0.3739044    
0.63335541 0.00536266 0.36128193 
0.64594064 0.00545902 0.34860034 
0.71595328 0.04529803 0.23874869 
0.76371174 0.01254645 0.22374181 
0.68909245 0.00489925 0.30600831 
0.68588974 0.00477777 0.30933248 
0.68588361 0.0047842 0.30933219  
0.67409014 0.00477398 0.32113588 
0.66151805 0.00468754 0.33379441 
0.64900508 0.00460549 0.34638943 
0.63679989 0.00474273 0.35845738 
0.47795894 0.0047696 0.51727147  
0.61056375 0.00563656 0.38379969 
0.62308985 0.0057373 0.37117285  
0.63567509 0.00583366 0.35849125 
0.72027144 0.04590715 0.23382141 
0.76844688 0.01273859 0.21881453 
0.69264993 0.00508905 0.30226102 
0.68944723 0.00496758 0.30558519 
0.68624453 0.0048461 0.30890937  
0.68719442 0.00493049 0.30787509 
0.67462232 0.00484406 0.32053362 
0.66210936 0.004762 0.33312864   
0.64990416 0.00489925 0.34519659 
0.63893152 0.00530104 0.35576743 
0.48323779 0.00526133 0.51150088 
0.62650455 0.00589732 0.36759813 
0.63908979 0.00600025 0.35490996 
0.7245896 0.04660855 0.22880186  
0.77324159 0.01296343 0.21379498 
0.69626655 0.00531564 0.2984178  
0.69306385 0.00519417 0.30174198 
0.68986115 0.0050727 0.30506616  
0.68761447 0.00502919 0.30735635 
0.68778573 0.00503736 0.30717691 
0.67527276 0.00495531 0.31977193 
0.66306757 0.00509255 0.33183988 
0.65209493 0.00549435 0.34241072 
0.65571154 0.00568415 0.3386043  
0.48914737 0.00582665 0.50502598 
0.64256362 0.00618523 0.35125115 
0.72890776 0.0474135 0.22367874  
0.77809587 0.01323227 0.20867186 
0.6999423 0.00559173 0.29446597  
0.6967396 0.00547026 0.29779014  
0.6935369 0.00534879 0.30111432  
0.69129021 0.00530528 0.30340451 
0.68826491 0.00518556 0.30654954 
0.6884953 0.00519811 0.30630659  
0.6762901 0.00533536 0.31837454  
0.66531746 0.00573715 0.32894539 
0.66893408 0.00592696 0.32513896 
0.67260983 0.00615355 0.32123662 
0.49568768 0.00649096 0.49782136 
0.07157432 0.85685135 0.07157432 
0.68172065 0.05285627 0.26542308 
0.67909261 0.05277042 0.26813697 
0.6799587 0.05333165 0.26670965  
0.67733066 0.05349985 0.26916949 
0.67837136 0.05380353 0.26782511 
0.67901611 0.05044548 0.27053841 
0.66606806 0.05402779 0.27990415 
0.66998559 0.05463399 0.27538042 
0.67390312 0.05529801 0.27079888 
0.67782064 0.05601984 0.26615951 
0.27654883 0.04444324 0.67900793 
0.31628788 0.0043348 0.67937732  
0.70848342 0.01138524 0.28013133 
0.61506339 0.00523826 0.37969835 
0.61206261 0.00514 0.38279739    
0.62396543 0.00509431 0.37094027 
0.63234142 0.00499605 0.36266253 
0.63064313 0.00489779 0.36445909 
0.62700665 0.00490479 0.36808855 
0.62969864 0.00531929 0.36498207 
0.63305421 0.00543157 0.36151422 
0.6364689 0.00554385 0.35798725  
0.63994273 0.00565612 0.35440115 
0.07157432 0.90669414 0.02173154 
0.7501532 0.01131711 0.23852968  
0.33654012 0.01241719 0.65104269 
0.69252014 0.01439406 0.29308581 
0.6898921 0.01430821 0.29579969  
0.70788189 0.01495295 0.27716515 
0.7055079 0.0148671 0.279625     
0.71653223 0.01564267 0.26782511 
0.71380082 0.0156596 0.27053958  
0.71785267 0.01607366 0.26607366 
0.72225551 0.01619455 0.26154994 
0.72671617 0.01631544 0.25696839 
0.73123464 0.01643633 0.25232903 
0.72193061 0.05529645 0.22277294 
0.64427943 0.00484012 0.35088045 
0.73274216 0.01447056 0.25278728 
0.45676761 0.00415493 0.53907747 
0.61952229 0.00500291 0.3754748  
0.63151578 0.00495721 0.36352701 
0.63989178 0.00485895 0.35524927 
0.65038729 0.00483033 0.34478238 
0.65868225 0.0048369 0.33648085  
0.65837345 0.00514614 0.33648041 
0.66172902 0.00525841 0.33301257 
0.66514372 0.00537069 0.32948559 
0.66861755 0.00548296 0.32589949 
0.71900239 0.05518763 0.22580998 
0.64107673 0.00471864 0.35420463 
0.72981394 0.01436174 0.25582432 
0.64801314 0.00457483 0.34741202 
0.45659065 0.00402411 0.53938524 
0.61940359 0.00487486 0.37572154 
0.62777959 0.00477661 0.36744381 
0.6382751 0.00474799 0.35697692  
0.64657006 0.00475456 0.34867538 
0.65837345 0.00515314 0.3364734  
0.65872824 0.00516015 0.33611161 
0.66214294 0.00527243 0.33258463 
0.66561677 0.0053847 0.32899853  
0.72032906 0.05591608 0.22375486 
0.65363788 0.00465499 0.34170714 
0.7497335 0.01518772 0.23507878  
0.66066627 0.00451117 0.33482255 
0.64791678 0.00442299 0.34766023 
0.47100398 0.00404922 0.5249468  
0.61615782 0.00475646 0.37908572 
0.62665333 0.00472784 0.36861883 
0.63184268 0.00473441 0.36342291 
0.64364608 0.005133 0.35122093   
0.65611305 0.00522936 0.33865759 
0.65652697 0.00523637 0.33823667 
0.66000079 0.00534864 0.33465056 
0.71740084 0.05606929 0.22652987 
0.66251933 0.00453526 0.33294541 
0.74706575 0.01508046 0.23785379 
0.66954773 0.00439145 0.32606082 
0.65679824 0.00430327 0.3388985  
0.64499849 0.00429305 0.35070846 
0.47208848 0.00392191 0.52398961 
0.61471853 0.00464681 0.38063466 
0.61990788 0.00465382 0.3754383  
0.63171128 0.0050524 0.36323632  
0.64417825 0.00514876 0.35067298 
0.65670436 0.00524513 0.33805052 
0.65717741 0.00525213 0.33757046 
0.71858716 0.05638582 0.22502702 
0.66080205 0.00441992 0.33477802 
0.75895382 0.01601857 0.2250276  
0.68060593 0.00435057 0.3150435  
0.66785644 0.00426239 0.32788118 
0.65605669 0.00425217 0.33969114 
0.6434846 0.00416573 0.35234967  
0.47906943 0.00400484 0.51692573 
0.61212597 0.00465776 0.38321627 
0.62392937 0.00505766 0.37101297 
0.63639634 0.00515402 0.35844964 
0.64892245 0.00525038 0.34582717 
0.66150768 0.00534674 0.33314557 
0.71923288 0.0527019 0.22806523  
0.65693957 0.00442299 0.33863744 
0.7559016 0.01603259 0.22806581  
0.68930546 0.00435364 0.3063409  
0.67655597 0.00426545 0.31917857 
0.66145016 0.00425523 0.33429461 
0.64887806 0.0041688 0.34695314  
0.64081626 0.00418749 0.35499625 
0.47814582 0.0040136 0.51784058  
0.60922798 0.00506905 0.38570298 
0.62169495 0.00516804 0.37313701 
0.63422106 0.0052644 0.36051455  
0.64680629 0.00536076 0.34783295 
0.70512401 0.05652131 0.23835468 
0.65967404 0.00489925 0.33542671 
0.76013819 0.01651342 0.22334839 
0.68884337 0.004702 0.30645464   
0.68883723 0.00470842 0.30645434 
0.67373142 0.0046982 0.32157038  
0.66115932 0.00461177 0.33422891 
0.65309752 0.00463046 0.34227202 
0.63768963 0.00463966 0.35767072 
0.48122179 0.00466652 0.51411169 
0.6114294 0.0055383 0.38303231   
0.6239555 0.00563904 0.37040546  
0.63654074 0.0057354 0.35772386  
0.70936041 0.05721219 0.2334274  
0.66323153 0.00508905 0.33167942 
0.76487333 0.01670556 0.21842111 
0.69240085 0.0048918 0.30270735  
0.68919815 0.00477033 0.30603152 
0.68683569 0.00485472 0.30830959 
0.67426359 0.00476828 0.32096812 
0.6662018 0.00478697 0.32901123  
0.6507939 0.00479617 0.34440993  
0.63982126 0.00519797 0.35498077 
0.48650064 0.00515825 0.5083411  
0.6273702 0.00579906 0.36683074  
0.63995543 0.00590199 0.35414258 
0.71359681 0.05799535 0.22840785 
0.66684815 0.00531564 0.32783621 
0.76966804 0.0169304 0.21340155  
0.69601747 0.0051184 0.29886413  
0.69281477 0.00499692 0.30218831 
0.68725574 0.00495341 0.30779085 
0.687427 0.00496159 0.30761141   
0.6793652 0.00498028 0.31565452  
0.66395731 0.00498948 0.33105322 
0.65298466 0.00539127 0.34162406 
0.65660128 0.00558108 0.33781764 
0.49241023 0.00572357 0.5018662  
0.64342926 0.00608697 0.35048376 
0.7178332 0.05888207 0.22328473  
0.6705239 0.00559173 0.32388437  
0.77452232 0.01719924 0.20827844 
0.69969322 0.00539449 0.29491229 
0.69649052 0.00527301 0.29823647 
0.69093149 0.0052295 0.30383901  
0.68790618 0.00510978 0.30698404 
0.69258774 0.00522308 0.30218918 
0.67717984 0.00523228 0.31758788 
0.6662072 0.00563408 0.32815873  
0.66982382 0.00582388 0.32435231 
0.67349957 0.00605047 0.32044996 
0.49895054 0.00638788 0.49466158 
0.07157491 0.85685019 0.07157491 
0.66219316 0.07304544 0.2647614  
0.66506181 0.07113106 0.26380713 
0.66235318 0.07137985 0.26626697 
0.66041077 0.07176413 0.26782511 
0.66464366 0.06856376 0.26679258 
0.64834223 0.07212388 0.27953389 
0.65217917 0.07281067 0.27501016 
0.6560161 0.07355528 0.27042862  
0.65985304 0.07435771 0.26578925 
0.27953564 0.04435077 0.67611359 
0.31996246 0.00422472 0.67581282 
0.58708208 0.00523826 0.40767965 
0.70521122 0.01502712 0.27976165 
0.61524312 0.00506511 0.37969178 
0.62714594 0.00501941 0.36783465 
0.63552193 0.00492115 0.35955692 
0.63071803 0.00482289 0.36445909 
0.63087308 0.00491137 0.36421555 
0.63056429 0.00522104 0.36421468 
0.63391985 0.00533331 0.36074684 
0.63733455 0.00544559 0.35721986 
0.64080838 0.00555786 0.35363376 
0.27573998 0.05528711 0.66897292 
0.61568886 0.00484012 0.37947102 
0.31767461 0.0041485 0.67817689  
0.69187072 0.01418323 0.29394605 
0.60397409 0.00500247 0.39102344 
0.61587691 0.00495677 0.37916632 
0.62425291 0.00485851 0.37088858 
0.63269855 0.0048299 0.36247156  
0.63018716 0.00483647 0.36497637 
0.62987837 0.00514614 0.3649755  
0.63323394 0.00525841 0.36150765 
0.63664863 0.00537069 0.35798068 
0.64012246 0.00548296 0.35439458 
0.07157491 0.90669297 0.02173212 
0.74657966 0.01528409 0.23813626 
0.73209177 0.01425973 0.2536485  
0.33677081 0.01658701 0.64664219 
0.67655218 0.01719204 0.30625578 
0.69454197 0.01783679 0.28762124 
0.69216798 0.01775094 0.29008108 
0.70319231 0.0185265 0.27828119  
0.7138014 0.01940485 0.26679375  
0.71458047 0.01971554 0.26570399 
0.71898331 0.01983643 0.26118026 
0.72344397 0.01995732 0.25659871 
0.72796244 0.02007821 0.25195935 
0.70111577 0.07665403 0.2222302  
0.64434134 0.00464287 0.3510158  
0.63237179 0.00457498 0.36305323 
0.71533482 0.01741319 0.267252   
0.45584779 0.00397564 0.54017657 
0.6213774 0.00481968 0.37380293  
0.62975339 0.00472142 0.36552519 
0.63994667 0.0046928 0.35536053  
0.6496291 0.00476901 0.34560189  
0.66125174 0.00507825 0.33367001 
0.66160653 0.00508525 0.33330822 
0.66502122 0.00519753 0.32978125 
0.66849505 0.0053098 0.32619514  
0.70462138 0.07468358 0.22069504 
0.65690234 0.00457921 0.33851845 
0.64493279 0.00451132 0.35055589 
0.73525418 0.01823917 0.24650666 
0.6498535 0.00436751 0.34577899  
0.47026083 0.00400075 0.52573842 
0.61502601 0.00470127 0.38027272 
0.6252193 0.00467265 0.37010805  
0.63490172 0.00474886 0.36034942 
0.64603584 0.0050581 0.34890606  
0.65850281 0.00515446 0.33634273 
0.65891673 0.00516147 0.3359218  
0.66239056 0.00527374 0.3323357  
0.7016114 0.07491855 0.22347005  
0.66578379 0.00445949 0.32975672 
0.65381425 0.0043916 0.34179416  
0.73258643 0.0181319 0.24928167  
0.65873496 0.00424779 0.33701726 
0.64362899 0.00423757 0.35213344 
0.47134533 0.00387344 0.52478123 
0.6132845 0.00459162 0.38212388  
0.62296692 0.00466827 0.37236481 
0.63410104 0.0049775 0.36092145  
0.64656802 0.00507387 0.34835812 
0.65909412 0.00517023 0.33573565 
0.65956717 0.00517723 0.3352556  
0.69954401 0.07531684 0.22513915 
0.66075431 0.00434415 0.33490154 
0.66275863 0.00435072 0.33289065 
0.74446633 0.01907002 0.23646366 
0.66947604 0.0042069 0.32631706  
0.65437008 0.00419668 0.34143324 
0.64179798 0.00411025 0.35409177 
0.47790229 0.00395637 0.51814135 
0.61518501 0.00467221 0.38014278 
0.62370204 0.00498276 0.3713152  
0.63616902 0.00507912 0.35875186 
0.64869512 0.00517548 0.3461294  
0.66128036 0.00527184 0.3334478  
0.7042225 0.07181455 0.22396296  
0.66103201 0.00444795 0.33452004 
0.66020418 0.00435378 0.33544204 
0.75591036 0.02012552 0.22396412 
0.67969706 0.00428443 0.3160185  
0.6645911 0.00427421 0.33113469  
0.652019 0.00418778 0.34379322   
0.64395107 0.00420647 0.35184246 
0.48224439 0.00416661 0.513589   
0.6130944 0.00507562 0.38182998  
0.62556138 0.00517461 0.36926402 
0.63808748 0.00527097 0.35664155 
0.65067272 0.00536733 0.34395995 
0.68644956 0.07558977 0.23796067 
0.66056378 0.00479617 0.33464005 
0.65973595 0.004702 0.33556206   
0.75656464 0.0204804 0.22295496  
0.69179086 0.00463265 0.3035765  
0.67616367 0.00462243 0.31921391 
0.66359157 0.00453599 0.33187244 
0.6527388 0.00455468 0.34270652  
0.64178207 0.00466462 0.35355331 
0.48448465 0.00456344 0.51095191 
0.61229504 0.00544004 0.38226492 
0.62482115 0.00554078 0.36963807 
0.63740638 0.00563714 0.35695648 
0.6906042 0.07636241 0.23303339  
0.66412127 0.00498597 0.33089276 
0.66329343 0.0048918 0.33181477  
0.76129978 0.02067254 0.21802768 
0.69215177 0.00469455 0.30315367 
0.68926794 0.00477894 0.30595312 
0.67669584 0.00469251 0.31861165 
0.66584307 0.0047112 0.32944574  
0.65488634 0.00482114 0.34029252 
0.640711 0.00509489 0.35419412   
0.4897635 0.00505518 0.50518132  
0.62823584 0.0057008 0.36606336  
0.64082108 0.00580373 0.35337519 
0.69475884 0.07722733 0.22801383 
0.66773788 0.00521257 0.32704955 
0.66691005 0.0051184 0.32797155  
0.76609449 0.02089738 0.21300813 
0.69576839 0.00492115 0.29931046 
0.68968799 0.00487764 0.30543437 
0.68985925 0.00488581 0.30525494 
0.67900647 0.0049045 0.31608902  
0.66804974 0.00501444 0.32693581 
0.6538744 0.0052882 0.3408374    
0.65749102 0.005478 0.33703098   
0.49567308 0.0056205 0.49870642  
0.64429491 0.00598871 0.34971638 
0.69891347 0.07819581 0.22289072 
0.67141363 0.00548866 0.32309771 
0.6705858 0.00539449 0.32401971  
0.77094877 0.02116622 0.20788501 
0.69944414 0.00519724 0.29535862 
0.69336374 0.00515373 0.30148253 
0.69033843 0.00503401 0.30462757 
0.69222901 0.0051473 0.30262369  
0.68127228 0.00525724 0.31347048 
0.66709693 0.005531 0.32737207   
0.67071355 0.0057208 0.32356565  
0.6743893 0.0059474 0.3196633    
0.50221339 0.00628481 0.4915018  
0.07157549 0.85684902 0.07157549 
0.64345759 0.09611085 0.26043156 
0.64066836 0.09644023 0.2628914  
0.63854374 0.09653368 0.26492258 
0.63979352 0.0934139 0.26679258  
0.62708024 0.0971317 0.27578806  
0.6275638 0.0977963 0.2746399    
0.63132014 0.09862151 0.27005835 
0.63507648 0.09950453 0.26541899 
0.28252246 0.0442583 0.67321924  
0.32363704 0.00411463 0.67224833 
0.58794773 0.00514 0.40691227    
0.58756404 0.00506511 0.40737086 
0.70193902 0.018669 0.27939198   
0.63032645 0.00494451 0.36472904 
0.63870244 0.00484625 0.35645131 
0.63341001 0.00474799 0.361842   
0.63094798 0.00483647 0.36421555 
0.63443071 0.00522761 0.36034168 
0.6347855 0.00523505 0.35997945  
0.6382002 0.00534733 0.35645248  
0.64167403 0.0054596 0.35286637  
0.27872679 0.05519464 0.66607857 
0.6165786 0.00473704 0.37868436  
0.32134919 0.00403842 0.67461239 
0.57804265 0.00500247 0.41695487 
0.68859852 0.01782511 0.29357637 
0.61905742 0.00488187 0.37606071 
0.62743342 0.00478361 0.36778297 
0.63587906 0.004755 0.35936595   
0.63026206 0.00476157 0.36497637 
0.6337448 0.00515271 0.3611025   
0.63409958 0.00516015 0.36074027 
0.63751428 0.00527243 0.35721329 
0.64098811 0.0053847 0.35362719  
0.27493113 0.07663534 0.64843353 
0.61606175 0.00464287 0.37929538 
0.60588891 0.00457498 0.38953612 
0.31975514 0.00396221 0.67628266 
0.67525801 0.01698121 0.30776077 
0.6077884 0.00481924 0.38739237  
0.61616439 0.00472098 0.37911463 
0.62461003 0.00469236 0.37069761 
0.63224258 0.00476857 0.36298884 
0.63305888 0.00507781 0.36186331 
0.63341366 0.00508525 0.36150108 
0.63682836 0.00519753 0.35797411 
0.64030219 0.0053098 0.35438801  
0.07157549 0.9066918 0.02173271  
0.74300611 0.01925106 0.23774283 
0.72851822 0.01822671 0.25325507 
0.71403034 0.01720236 0.26876731 
0.33763222 0.02075683 0.64161095 
0.68120205 0.02072062 0.29807733 
0.67882806 0.02063477 0.30053717 
0.68985239 0.02141033 0.28873728 
0.70046148 0.02228868 0.27724983 
0.71458106 0.02346079 0.26195816 
0.71571111 0.02347831 0.26081058 
0.72017177 0.0235992 0.25622903  
0.72469024 0.02372009 0.25158967 
0.68158847 0.10129627 0.21711526 
0.66016694 0.00450344 0.33532962 
0.6481974 0.00443554 0.34736706  
0.63622785 0.00436765 0.35940449 
0.72077505 0.02129061 0.25793434 
0.46951797 0.00395228 0.52652975 
0.61651129 0.00464608 0.37884263 
0.62670457 0.00461746 0.36867796 
0.63608477 0.00469368 0.35922155 
0.64909487 0.00507255 0.34583257 
0.6613811 0.00507956 0.33353934  
0.66179501 0.00508657 0.33311842 
0.66526884 0.00519884 0.32953231 
0.67849673 0.10161299 0.21989028 
0.6690484 0.00438371 0.32656789  
0.65707885 0.00431582 0.33860532 
0.64510931 0.00424793 0.35064276 
0.7181073 0.02118335 0.26070935  
0.64504463 0.00418208 0.35077329 
0.47060247 0.00382496 0.52557256 
0.61476978 0.00453643 0.38069379 
0.62414998 0.00461308 0.37123694 
0.63716008 0.00499196 0.35784796 
0.6494463 0.00499897 0.34555473  
0.66197241 0.00509533 0.33293227 
0.66244545 0.00510234 0.33245221 
0.67623175 0.10168891 0.22207933 
0.66349754 0.00426837 0.33223408 
0.66602309 0.00427494 0.32970197 
0.65405354 0.00420705 0.3417394  
0.729987 0.02212146 0.24789153   
0.65578557 0.0041412 0.34007323  
0.64321347 0.00405477 0.35273176 
0.47715914 0.00390789 0.51893297 
0.61375098 0.00461702 0.381632   
0.62676108 0.00499721 0.36824171 
0.63855878 0.00500422 0.356437   
0.65108488 0.00510058 0.34381453 
0.66367012 0.00519695 0.33113294 
0.67765654 0.09826838 0.22407509 
0.66098426 0.00437218 0.33464356 
0.66015643 0.00427801 0.33556556 
0.66216075 0.00428458 0.33355467 
0.74142286 0.02317696 0.23540018 
0.66568947 0.00421873 0.33009179 
0.65311738 0.0041323 0.34275032  
0.64226446 0.00415099 0.35358456 
0.48107725 0.00411814 0.51480461 
0.61615344 0.00509007 0.37875649 
0.62533405 0.00509971 0.36956624 
0.63786016 0.00519607 0.35694377 
0.65044539 0.00529243 0.34426218 
0.66391638 0.10222523 0.2338584  
0.66465622 0.00482114 0.33052265 
0.66382839 0.00472696 0.33144465 
0.66300055 0.00463279 0.33236665 
0.7565734 0.02457332 0.21885327  
0.67930476 0.00464141 0.31605384 
0.66673266 0.00455497 0.32871237 
0.65587974 0.00457366 0.3395466  
0.64491688 0.0046836 0.35039952  
0.48858322 0.00471645 0.50670033 
0.61616147 0.00544661 0.37839192 
0.62868758 0.00554735 0.36576507 
0.64127281 0.00564371 0.35308348 
0.66440694 0.10295368 0.23263938 
0.665011 0.00488289 0.3301061    
0.66418317 0.00478872 0.33102811 
0.66335534 0.00469455 0.33195011 
0.75772624 0.02463951 0.21763425 
0.69222156 0.00470317 0.30307527 
0.67964947 0.00461673 0.3157338  
0.66827532 0.00463542 0.32708926 
0.65452761 0.00474536 0.34072703 
0.64480343 0.00511986 0.35007671 
0.49302636 0.0049521 0.50202155  
0.62910149 0.00560254 0.36529597 
0.64168673 0.00570547 0.3526078  
0.66847982 0.10390036 0.22761982 
0.66862762 0.00510949 0.32626289 
0.66779979 0.00501532 0.32718489 
0.66697196 0.00492115 0.3281069  
0.76252095 0.02486435 0.2126147  
0.69264161 0.00480186 0.30255653 
0.69281287 0.00481004 0.30237709 
0.68143872 0.00482873 0.31373255 
0.66769102 0.00493867 0.32737032 
0.65796684 0.00531316 0.33672    
0.65838075 0.00537492 0.33624432 
0.49893594 0.00551742 0.49554664 
0.64516056 0.00589046 0.34894899 
0.67255269 0.1049506 0.22249671  
0.67230337 0.00538558 0.32231105 
0.67147554 0.00529141 0.32323305 
0.67064771 0.00519724 0.32415506 
0.76737522 0.02513319 0.20749158 
0.69631736 0.00507795 0.29860469 
0.69329205 0.00495823 0.30174972 
0.69466126 0.00507153 0.30026721 
0.68091355 0.00518147 0.31390498 
0.67118937 0.00555596 0.32325466 
0.67160329 0.00561772 0.32277899 
0.67527904 0.00584432 0.31887664 
0.50547625 0.00618173 0.48834202 
0.07157608 0.85684785 0.07157608 
0.59657456 0.1409481 0.26247734  
0.59500825 0.14048323 0.26450852 
0.59607581 0.13707262 0.26685156 
0.58037942 0.14087101 0.27874957 
0.58445113 0.1416933 0.27385558  
0.58485409 0.14249631 0.2726496  
0.58852984 0.14345992 0.26801024 
0.27797342 0.04490811 0.67711847 
0.3174921 0.00405185 0.67845605  
0.57200576 0.00509431 0.42289993 
0.57162207 0.00501941 0.42335853 
0.5712975 0.00494451 0.42375799  
0.70118916 0.0197097 0.27910114  
0.6270871 0.00484099 0.36807191  
0.62179467 0.00474273 0.3734626  
0.61884411 0.00483121 0.37632468 
0.61970976 0.00522235 0.37506789 
0.62385607 0.00531126 0.37083266 
0.62426999 0.00531871 0.3704113  
0.62774382 0.00543099 0.3668252  
0.27786129 0.0558059 0.66633281  
0.60019658 0.0046874 0.39511602  
0.31520425 0.00397564 0.68082011 
0.56210068 0.00495677 0.43294254 
0.56177612 0.00488187 0.43334201 
0.68784865 0.01886581 0.29328554 
0.61581807 0.00477836 0.37940357 
0.62426371 0.00474974 0.37098655 
0.6181582 0.00475631 0.37708549  
0.61902384 0.00514745 0.37582871 
0.62317016 0.00523637 0.37159348 
0.62358407 0.00524381 0.37117212 
0.6270579 0.00535609 0.36758601  
0.27458539 0.07454537 0.65086924 
0.59967973 0.00459323 0.39572704 
0.58950689 0.00452534 0.40596778 
0.3136102 0.00389942 0.68249038  
0.55231387 0.00481924 0.44286689 
0.67456596 0.01802192 0.30741212 
0.60460818 0.00471572 0.3906761  
0.61305382 0.00468711 0.38225908 
0.62068637 0.00476332 0.37455031 
0.61839705 0.00507255 0.37653039 
0.62254337 0.00516147 0.37229516 
0.62295728 0.00516891 0.3718738  
0.62643111 0.00528119 0.3682877  
0.27078973 0.10112651 0.62808376 
0.59922201 0.00449906 0.39627893 
0.58904917 0.00443116 0.40651967 
0.57893546 0.00436327 0.41670127 
0.31270995 0.00382321 0.68346684 
0.66134109 0.01717802 0.32148088 
0.59345741 0.00465309 0.4018895  
0.60190305 0.00462447 0.39347248 
0.6095356 0.00470068 0.38576371  
0.62049583 0.00507956 0.37442461 
0.62197571 0.00508657 0.37293772 
0.62238963 0.00509401 0.37251636 
0.62586346 0.00520629 0.36893025 
0.07157608 0.90669122 0.02173271 
0.74264597 0.02047826 0.23687577 
0.72815808 0.01945391 0.25238801 
0.71372977 0.01842955 0.26784068 
0.69936102 0.0174052 0.28323378  
0.32531373 0.02137938 0.65330689 
0.66578131 0.02026451 0.31395418 
0.67680564 0.02104007 0.30215429 
0.68741473 0.02191842 0.29066684 
0.70153431 0.02309053 0.27537517 
0.71600487 0.02396946 0.26002567 
0.71719274 0.02398698 0.25882028 
0.72171121 0.02410787 0.25418092 
0.63144473 0.14910884 0.21944643 
0.65717857 0.00437846 0.33844297 
0.64520903 0.00431057 0.35048041 
0.63329861 0.00424268 0.36245871 
0.62144733 0.00417478 0.37437789 
0.70406715 0.02066047 0.27527238 
0.45506143 0.00387022 0.54106835 
0.6114218 0.0045706 0.3840076    
0.620802 0.00464725 0.37455075   
0.63350988 0.00502612 0.361464   
0.64718356 0.00510277 0.34771367 
0.65952892 0.00510978 0.3353613  
0.66000196 0.00511679 0.33488125 
0.62977855 0.14858596 0.22163549 
0.65162772 0.00426312 0.34410917 
0.65415326 0.00426969 0.34157705 
0.64224285 0.00420179 0.35355536 
0.63039157 0.0041339 0.36547453  
0.71594686 0.02159858 0.26245456 
0.63970679 0.00409302 0.35620018 
0.46161809 0.00395315 0.53442876 
0.60991448 0.00465119 0.38543433 
0.62262236 0.00503138 0.37234627 
0.63629604 0.00510803 0.35859593 
0.64864139 0.00511504 0.34624357 
0.66122663 0.0052114 0.33356197  
0.63100575 0.14484305 0.2241512  
0.64859307 0.00436692 0.34704001 
0.64776523 0.00427275 0.34796201 
0.65034991 0.00427932 0.34537077 
0.63849863 0.00421143 0.35728994 
0.72738252 0.02265408 0.2499634  
0.64961055 0.00417055 0.3462189  
0.63823641 0.00418924 0.35757436 
0.46553591 0.0041634 0.53030069  
0.60939763 0.00512424 0.38547813 
0.62307131 0.00520352 0.37172517 
0.63492814 0.00521052 0.35986133 
0.64751338 0.00530688 0.34717974 
0.61401188 0.14888166 0.23710646 
0.64947404 0.00481588 0.34571008 
0.64864621 0.00472171 0.34663208 
0.64787751 0.00462754 0.34749495 
0.65000009 0.00463411 0.34536581 
0.74252489 0.02405044 0.23342467 
0.66290872 0.00459323 0.33249806 
0.65153457 0.00461191 0.34385352 
0.63778672 0.00472185 0.35749143 
0.47261789 0.00476171 0.5226204  
0.61389873 0.00555042 0.38055085 
0.62313847 0.0055618 0.37129972  
0.63572371 0.00565817 0.35861813 
0.61853522 0.14979174 0.23167304 
0.65396901 0.00497838 0.34105261 
0.65314118 0.00488421 0.34197461 
0.65237248 0.00479004 0.34283749 
0.65166291 0.00469587 0.34364123 
0.75817398 0.02515811 0.21666791 
0.67734701 0.00472945 0.31792354 
0.66597286 0.00474813 0.329279   
0.65222501 0.00485807 0.34291691 
0.6424947 0.00523257 0.35227273  
0.48232674 0.00519884 0.51247442 
0.62764614 0.00569846 0.3666554  
0.64023138 0.00580139 0.35396723 
0.61894403 0.15069423 0.23036174 
0.65438292 0.00507693 0.34054014 
0.65355509 0.00498276 0.34146215 
0.65278639 0.00488859 0.34232502 
0.65207682 0.00479442 0.34312876 
0.75938638 0.025257 0.21535662   
0.69032295 0.004828 0.30484905   
0.6789488 0.00484669 0.31620451  
0.66467972 0.00495663 0.33036365 
0.65216457 0.00533112 0.34250431 
0.65702965 0.00549362 0.33747673 
0.4874006 0.00550808 0.50709132  
0.64070443 0.00588155 0.35341403 
0.62293514 0.15182623 0.22523863 
0.65805867 0.00535302 0.3365883  
0.65723084 0.00525885 0.33751031 
0.65646214 0.00516468 0.33837318 
0.65575257 0.00507051 0.33917692 
0.76424066 0.02552584 0.2102335  
0.69080213 0.00497619 0.30422168 
0.69217134 0.00508949 0.30273917 
0.67790226 0.00519943 0.31689831 
0.6653871 0.00557392 0.32903897  
0.67025219 0.00573642 0.32401139 
0.67072523 0.00583497 0.32343979 
0.49394091 0.00617239 0.4998867  
0.07157666 0.85684668 0.07157666 
0.54952976 0.18933729 0.26113295 
0.55162868 0.18489532 0.26347599 
0.53575008 0.18840288 0.27584705 
0.53683867 0.18930575 0.27385558 
0.54082978 0.19026645 0.26890377 
0.54115216 0.19120787 0.26763998 
0.28067952 0.04500486 0.67431562 
0.31732566 0.00394177 0.67873257 
0.56655316 0.00499605 0.42845079 
0.56655316 0.00492115 0.42852569 
0.5662286 0.00484625 0.42892515  
0.58273925 0.00484099 0.41241976 
0.71174861 0.02335158 0.26489981 
0.62415231 0.00466783 0.37117985 
0.62120176 0.00475631 0.37404193 
0.62157888 0.00514745 0.37327367 
0.6231081 0.00523637 0.37165553  
0.62731355 0.00532528 0.36736117 
0.6277866 0.00533273 0.36688068  
0.28056739 0.05598558 0.66344703 
0.59468295 0.00458432 0.40073273 
0.31845338 0.00386555 0.67768107 
0.55950082 0.00485851 0.43564066 
0.55917626 0.00478361 0.43604012 
0.57568691 0.00477836 0.41953473 
0.69840811 0.02250769 0.2790842  
0.62662135 0.00467484 0.3687038  
0.62089953 0.00468141 0.37441906 
0.62127665 0.00507255 0.37365079 
0.62280588 0.00516147 0.37203265 
0.62701133 0.00525038 0.36773829 
0.62748437 0.00525783 0.3672578  
0.27729149 0.07480798 0.64790053 
0.59455944 0.00449015 0.40095042 
0.58691214 0.00442226 0.4086656  
0.31738056 0.00378934 0.6788301  
0.5500977 0.00472098 0.44518132  
0.56660835 0.00471572 0.42867592 
0.68512542 0.02166379 0.29321079 
0.61579515 0.00461221 0.37959264 
0.6234277 0.00468842 0.37188388  
0.62064987 0.00499765 0.37435248 
0.62217909 0.00508657 0.37273434 
0.62638454 0.00517548 0.36843998 
0.62685758 0.00518293 0.36795949 
0.27349583 0.10147205 0.62503212 
0.59410172 0.00439598 0.4015023  
0.58645442 0.00432809 0.40921749 
0.57673404 0.0042602 0.41900577  
0.31648031 0.00371313 0.67980656 
0.55720523 0.00465309 0.43814168 
0.67190055 0.0208199 0.30727955  
0.60464439 0.00454957 0.39080604 
0.61227694 0.00462578 0.38309728 
0.62323717 0.00500466 0.37175817 
0.62161144 0.00501167 0.37337689 
0.62581688 0.00510058 0.36908253 
0.62628993 0.00510803 0.36860204 
0.27297314 0.14907925 0.57794761 
0.61146955 0.00437671 0.38415375 
0.60382225 0.00430881 0.39186894 
0.59410187 0.00424092 0.40165721 
0.58404728 0.00417303 0.41177968 
0.32220739 0.00383927 0.67395334 
0.66287528 0.02005368 0.31707103 
0.5978328 0.00456884 0.39759835  
0.60546536 0.00464506 0.38988959 
0.61642559 0.00502393 0.37855048 
0.6280494 0.00510058 0.36685002  
0.62958841 0.00510759 0.365304   
0.63006146 0.00511504 0.36482351 
0.07157666 0.90669239 0.02173095 
0.75407073 0.02444757 0.2214817  
0.73958285 0.02342322 0.23699394 
0.72515453 0.02239887 0.25244661 
0.71078578 0.02137451 0.26783971 
0.70112745 0.02045042 0.27842213 
0.32775196 0.02555387 0.64669416 
0.66346572 0.02392566 0.31260863 
0.67407481 0.02480459 0.3011206  
0.68819439 0.0259767 0.28582892  
0.70266495 0.02685563 0.27047942 
0.71719333 0.02773456 0.25507211 
0.71843902 0.02775208 0.2538089  
0.5810376 0.20090669 0.21805571  
0.65403617 0.00418734 0.34177649 
0.65656171 0.00419391 0.33924437 
0.64504463 0.00412602 0.35082935 
0.63319335 0.00405813 0.36274852 
0.62608115 0.00409142 0.36982744 
0.70146773 0.02465236 0.27387991 
0.46087523 0.00390468 0.53522009 
0.61188828 0.004596 0.38351572   
0.62459616 0.00497619 0.37042765 
0.63796762 0.00505284 0.35697954 
0.65170043 0.00512949 0.34317008 
0.66410491 0.0051365 0.33075859  
0.58338336 0.19604521 0.22057143 
0.65100152 0.00429115 0.34470734 
0.65056701 0.00419698 0.34523601 
0.65315169 0.00420355 0.34264476 
0.64130041 0.00413566 0.35456394 
0.6341882 0.00416894 0.36164285  
0.71290339 0.02570786 0.26138875 
0.64017327 0.00413376 0.35569297 
0.46479305 0.00411492 0.53109203 
0.61088291 0.00506905 0.38404804 
0.62425437 0.00514833 0.37059731 
0.63798718 0.00522498 0.35678784 
0.65039167 0.00523199 0.34437635 
0.56619191 0.19976145 0.23404664 
0.65136112 0.0047401 0.34389878  
0.65092662 0.00464593 0.34442745 
0.65015792 0.00455176 0.34529032 
0.65280172 0.00455833 0.34263995 
0.64568952 0.00459162 0.34971886 
0.72804557 0.02710422 0.24485021 
0.65347129 0.00455643 0.34197228 
0.63920221 0.00466637 0.35613142 
0.47187474 0.00471324 0.52341202 
0.6124647 0.00549523 0.38204008  
0.62619751 0.00557626 0.36822623 
0.63811347 0.00558327 0.35630326 
0.56746154 0.20075329 0.23178517 
0.65306511 0.0049026 0.34203229  
0.65263061 0.00480843 0.34256096 
0.65186191 0.00471426 0.34342383 
0.65115234 0.00462009 0.34422757 
0.658014 0.00472784 0.33725816   
0.74368648 0.02821189 0.22810163 
0.66759247 0.00469265 0.32771488 
0.65332339 0.00480259 0.34187402 
0.64080809 0.00517709 0.35401482 
0.4811596 0.00515037 0.51369003  
0.63070518 0.00571292 0.3635819  
0.64000405 0.00572649 0.35426945 
0.57190312 0.20183741 0.22625947 
0.65761921 0.0051019 0.33727889  
0.65718471 0.00500773 0.33780757 
0.656416 0.00491356 0.33867044   
0.65570643 0.00481938 0.33947418 
0.65973595 0.00482639 0.33543766 
0.75939514 0.02935226 0.2112526  
0.68208989 0.00486567 0.31304444 
0.66782081 0.00497561 0.32720358 
0.65530551 0.0053501 0.33934439  
0.66016446 0.0055126 0.33432294  
0.49149917 0.00566109 0.50283974 
0.64457085 0.00588812 0.34954103 
0.57223016 0.20292522 0.22484461 
0.65809225 0.00524994 0.3366578  
0.65765775 0.00515577 0.33718648 
0.65688905 0.0050616 0.33804935  
0.65617948 0.00496743 0.33885309 
0.66020899 0.00497444 0.33481657 
0.76066711 0.02949515 0.20983774 
0.69512496 0.00501371 0.29986133 
0.68085588 0.00512365 0.31402047 
0.66781935 0.00549815 0.3266825  
0.66989346 0.00566065 0.32444589 
0.67481767 0.00585994 0.31932239 
0.49720377 0.00606931 0.49672692 
0.07157666 0.85684668 0.07157666 
0.49109679 0.24843252 0.26047069 
0.47672259 0.25043567 0.27284174 
0.47762897 0.25104771 0.27132332 
0.47863697 0.252089 0.26927403   
0.48254749 0.2531881 0.26426441  
0.28333072 0.04516507 0.6715042  
0.32099995 0.00383197 0.67516808 
0.56741837 0.00489822 0.4276834  
0.56741837 0.00482333 0.4277583  
0.56709381 0.00474843 0.42815776 
0.58360446 0.00474317 0.41165237 
0.59502737 0.00466827 0.40030436 
0.70847583 0.02699404 0.26453013 
